GenomeStart 239971
Neuron 1 1 0.00000000 1 0.00000000 0.00000000 0.00000000 0.00000000
Neuron 2 1 0.00000000 1 0.00000000 0.00000000 0.00000000 0.00000000
Neuron 3 1 0.00000000 1 0.00000000 0.00000000 0.00000000 0.00000000
Neuron 4 1 0.00000000 1 0.00000000 0.00000000 0.00000000 0.00000000
Neuron 5 1 0.00000000 1 0.00000000 0.00000000 0.00000000 0.00000000
Neuron 6 1 0.00000000 1 0.00000000 0.00000000 0.00000000 0.00000000
Neuron 7 2 0.00000000 1 0.00000000 0.00000000 0.00000000 0.00000000
Neuron 8 4 1.00000000 0 1.00000000 0.00000000 0.00000000 0.00000000
Neuron 9 4 1.00000000 5 1.00000000 0.00000000 0.00000000 0.00000000
Neuron 10 3 0.50000000 6 1.00000000 0.00000000 0.00000000 0.00000000
Neuron 11 3 0.50000000 6 1.00000000 0.00000000 0.00000000 0.00000000
Neuron 37 3 0.50000000 0 1.00000000 0.00000000 0.00000000 0.00000000
Neuron 43 3 0.50000000 0 1.00000000 0.00000000 0.00000000 0.00000000
Neuron 66 3 0.25000000 13 1.00000000 0.00000000 0.00000000 0.00000000
Neuron 79 3 0.75000000 13 1.00000000 0.00000000 0.00000000 0.00000000
Neuron 97 3 0.25000000 0 1.00000000 0.00000000 0.00000000 0.00000000
Neuron 108 3 0.25000000 9 1.00000000 0.00000000 0.00000000 0.00000000
Neuron 121 3 0.75000000 0 1.00000000 0.00000000 0.00000000 0.00000000
Neuron 129 3 0.12500000 6 1.00000000 0.00000000 0.00000000 0.00000000
Neuron 131 3 0.50000000 9 1.00000000 0.00000000 0.00000000 0.00000000
Neuron 162 3 0.12500000 9 1.00000000 0.00000000 0.00000000 0.00000000
Neuron 167 3 0.12500000 8 1.00000000 0.00000000 0.00000000 0.00000000
Neuron 169 3 0.37500000 0 1.00000000 0.00000000 0.00000000 0.00000000
Neuron 196 3 0.25000000 0 1.00000000 0.00000000 0.00000000 0.00000000
Neuron 198 3 0.18750000 8 1.00000000 0.00000000 0.00000000 0.00000000
Neuron 204 3 0.37500000 13 1.00000000 0.00000000 0.00000000 0.00000000
Neuron 220 3 0.37500000 8 1.00000000 0.00000000 0.00000000 0.00000000
Neuron 228 3 0.25000000 0 1.00000000 0.00000000 0.00000000 0.00000000
Neuron 234 3 0.12500000 13 1.00000000 0.00000000 0.00000000 0.00000000
Neuron 241 3 0.25000000 13 1.00000000 0.00000000 0.00000000 0.00000000
Neuron 250 3 0.18750000 9 1.00000000 0.00000000 0.00000000 0.00000000
Neuron 259 3 0.43750000 13 1.00000000 0.00000000 0.00000000 0.00000000
Neuron 260 3 0.43750000 0 1.00000000 0.00000000 0.00000000 0.00000000
Neuron 266 3 0.25000000 13 1.00000000 0.00000000 0.00000000 0.00000000
Neuron 285 3 0.18750000 8 1.00000000 0.00000000 0.00000000 0.00000000
Neuron 288 3 0.31250000 8 1.00000000 0.00000000 0.00000000 0.00000000
Neuron 307 3 0.59375000 6 1.00000000 0.00000000 0.00000000 0.00000000
Neuron 313 3 0.25000000 8 1.00000000 0.00000000 0.00000000 0.00000000
Neuron 317 3 0.37500000 6 1.00000000 0.00000000 0.00000000 0.00000000
Neuron 330 3 0.25000000 8 1.00000000 0.00000000 0.00000000 0.00000000
Neuron 339 3 0.46875000 6 1.00000000 0.00000000 0.00000000 0.00000000
Link 2 10 1 0 -0.59774671
Link 5 10 2 0 -0.91132603
Link 10 8 3 0 1.79386708
Link 7 10 4 0 0.25377903
Link 1 11 5 0 -0.34194673
Link 4 11 6 0 0.84903842
Link 11 9 7 0 1.77140831
Link 7 9 8 0 -1.13279957
Link 3 10 13 0 -0.39328054
Link 10 11 14 0 -0.08924212
Link 5 8 23 0 0.09106852
Link 7 11 29 0 -0.12671334
Link 1 8 35 0 0.11205803
Link 1 10 78 0 0.00173455
Link 5 37 173 0 1.00000000
Link 37 9 174 0 0.51332703
Link 4 43 196 0 1.00000000
Link 5 66 353 0 1.00000000
Link 66 11 354 0 0.42063305
Link 2 66 455 0 -0.00964996
Link 11 79 483 0 1.00000000
Link 79 8 484 0 -0.01147218
Link 5 43 561 0 0.10009807
Link 43 11 564 0 0.17138926
Link 2 43 591 0 -0.14902896
Link 2 97 598 0 1.00000000
Link 10 43 682 0 0.01359617
Link 43 121 747 0 1.00000000
Link 121 8 748 0 0.21348674
Link 4 129 798 0 1.00000000
Link 5 131 806 0 1.00000000
Link 131 9 807 0 0.20483465
Link 1 121 811 0 -0.01842104
Link 108 121 825 0 0.34421735
Link 108 8 830 0 0.33577712
Link 7 37 839 0 0.37376071
Link 97 121 840 0 -0.13459035
Link 10 121 853 0 0.27689804
Link 108 10 879 0 -0.59324034
Link 3 121 885 0 0.17417818
Link 97 43 888 0 0.02351582
Link 1 66 926 0 -0.34896314
Link 7 97 1027 0 0.18055525
Link 3 162 1046 0 1.00000000
Link 162 97 1047 0 0.54273207
Link 3 167 1077 0 1.00000000
Link 167 108 1078 0 1.00000000
Link 97 169 1085 0 1.00000000
Link 108 11 1099 0 -0.20841721
Link 2 196 1256 0 1.00000000
Link 196 43 1257 0 -0.10832603
Link 129 198 1263 0 1.00000000
Link 198 66 1264 0 0.02045385
Link 66 169 1269 0 -0.36227880
Link 3 204 1300 0 1.00000000
Link 204 121 1301 0 0.19148464
Link 6 169 1315 0 0.30759963
Link 204 9 1323 0 -0.51221547
Link 129 169 1324 0 0.39299999
Link 129 43 1338 0 0.20034475
Link 108 220 1424 0 1.00000000
Link 220 43 1425 0 -0.58515837
Link 108 228 1480 0 1.00000000
Link 3 220 1495 0 -0.36163614
Link 5 129 1505 0 0.14733487
Link 1 169 1510 0 -0.18560213
Link 5 234 1521 0 1.00000000
Link 108 241 1575 0 1.00000000
Link 241 66 1576 0 0.34639086
Link 97 220 1595 0 -0.67000696
Link 3 228 1613 0 -0.15635410
Link 4 228 1620 0 -0.70108171
Link 1 220 1632 0 0.37059814
Link 1 250 1638 0 1.00000000
Link 250 220 1639 0 -0.21976064
Link 129 97 1640 0 -0.44416369
Link 108 204 1679 0 0.49587987
Link 220 259 1718 0 1.00000000
Link 204 43 1726 0 -0.03466864
Link 228 43 1727 0 -0.08755326
Link 169 260 1729 0 1.00000000
Link 260 11 1730 0 0.06223523
Link 204 11 1743 0 -0.02526842
Link 228 266 1772 0 1.00000000
Link 121 79 1806 0 -0.92205193
Link 4 97 1814 0 -0.08833301
Link 266 220 1825 0 -0.05665281
Link 129 259 1853 0 -0.04232277
Link 169 37 1858 0 0.27576199
Link 129 121 1861 0 0.14390939
Link 220 169 1883 0 0.00638658
Link 250 11 1915 0 0.69176565
Link 2 129 1916 0 0.05555974
Link 234 285 1927 0 1.00000000
Link 285 97 1928 0 0.09545451
Link 250 97 1933 0 0.75523979
Link 66 288 1952 0 1.00000000
Link 288 220 1953 0 -0.22706223
Link 196 228 1960 0 -0.42069216
Link 196 97 1971 0 -0.39873374
Link 66 79 1989 0 -0.47642062
Link 3 234 2003 0 0.31224111
Link 37 79 2019 0 -0.51236601
Link 5 266 2042 0 -0.23362353
Link 259 307 2082 0 1.00000000
Link 307 79 2083 0 0.54562107
Link 285 66 2113 0 -0.40778884
Link 266 313 2126 0 1.00000000
Link 313 97 2127 0 0.49657208
Link 1 43 2139 0 -0.22190408
Link 288 317 2149 0 1.00000000
Link 317 259 2150 0 0.35006110
Link 4 330 2202 0 1.00000000
Link 330 37 2203 0 -0.35331378
Link 234 330 2207 0 -0.06157387
Link 234 313 2215 0 -0.40399600
Link 330 259 2237 0 -0.28706133
Link 1 317 2259 0 -0.14890761
Link 259 339 2263 0 1.00000000
Link 339 43 2264 0 -0.05281675
Link 129 204 2298 0 -0.02228238
Link 97 307 2352 0 0.00139922
Link 250 285 2391 0 -0.13400132
Link 250 313 2413 0 0.24461556
Link 220 307 2575 0 -0.05007743
Link 167 259 2605 0 -0.24476925
GenomeEnd

