GenomeStart 38
Neuron 1 1 0.00000000 1 0.00000000 0.00000000 0.00000000 0.00000000
Neuron 2 1 0.00000000 1 0.00000000 0.00000000 0.00000000 0.00000000
Neuron 3 1 0.00000000 1 0.00000000 0.00000000 0.00000000 0.00000000
Neuron 4 1 0.00000000 1 0.00000000 0.00000000 0.00000000 0.00000000
Neuron 5 1 0.00000000 1 0.00000000 0.00000000 0.00000000 0.00000000
Neuron 6 1 0.00000000 1 0.00000000 0.00000000 0.00000000 0.00000000
Neuron 7 2 0.00000000 1 0.00000000 0.00000000 0.00000000 0.00000000
Neuron 8 4 1.00000000 0 1.00000000 0.00000000 0.00000000 0.00000000
Neuron 9 4 1.00000000 4 1.00000000 0.00000000 0.00000000 0.00000000
Neuron 10 3 0.50000000 6 1.00000000 0.00000000 0.00000000 0.00000000
Neuron 11 3 0.50000000 6 1.00000000 0.00000000 0.00000000 0.00000000
Link 2 10 1 0 0.44123986
Link 5 10 2 0 -0.22760276
Link 7 10 3 0 0.49940961
Link 1 11 4 0 -0.00560665
Link 4 11 5 0 -0.13789090
Link 7 9 6 0 -0.70119036
Link 10 8 7 0 0.82030190
Link 11 9 8 0 -0.28805078
GenomeEnd

